Projects/StellarFlaresAndExoplanets/relative_energy_budget.ecsv
# %ECSV 0.9
# ---
# datatype:
# - {name: w0, unit: Angstrom, datatype: float64, description: left edge of wavelength
#     bin}
# - {name: w1, unit: Angstrom, datatype: float64, description: right edge of wavelength
#     bin}
# - {name: Efrac, unit: '', datatype: float64, description: fraction of energy emitted
#     by flare in wavelength range relative to COS G130M bandpass (see table metadata
#     for COS G130M bandpass definition)}
# - {name: Edensity, unit: 1 / Angstrom, datatype: float64, description: Efrac divided
#     by the bandwidth of the integration}
# meta: !!omap
# - {reference emission: Si IV}
# - reference bandpass:
#   - [1393.2950917066767, 1394.2249082933236]
#   - [1402.302086294179, 1403.2379137058213]
# schema: astropy-2.0
w0 w1 Efrac Edensity
100.0 200.0 52.1930619681 0.521930619681
200.0 300.0 38.9073544734 0.389073544734
300.0 400.0 20.2107663023 0.202107663023
400.0 500.0 0.275915776114 0.00275915776114
500.0 600.0 0.260776252589 0.00260776252589
600.0 700.0 0.580241132073 0.00580241132073
700.0 800.0 0.44551004195 0.0044551004195
800.0 912.0 0.399591862728 0.00356778448864
912.0 920.0 0.116666294033 0.0145832867541
920.0 972.213596242 0.76144584646 0.0145832867541
972.213596242 972.862403758 0.111459625045 0.171791513339
972.862403758 976.694101208 0.0558787426639 0.0145832867541
976.694101208 977.345898792 0.256866406652 0.394089227589
977.345898792 1025.43783662 0.701338519938 0.0145832867541
1025.43783662 1026.12216338 1.05621181586 1.54343200513
1026.12216338 1031.56779121 0.0794151521985 0.0145832867541
1031.56779121 1032.25620879 0.604587378263 0.878227679324
1032.25620879 1037.26688956 0.0730721944422 0.0145832867541
1037.26688956 1037.95911044 0.607927539676 0.878227679324
1037.95911044 1173.64741561 1.97878146349 0.0145832867541
1173.64741561 1174.53808554 0.00973515288302 0.0109301466342
1174.53808554 1176.76239479 1.09168380158 0.490796771235
1176.76239479 1206.10755158 0.320746866705 0.0109301466342
1206.10755158 1206.91244842 0.915056142953 1.13686140315
1206.91244842 1214.45433 0.0824338716053 0.0109301466342
1214.45433 1215.46738833 0.679733822778 0.670972046143
1215.46738833 1215.87261167 45.5395339179 112.381322031
1215.87261167 1216.88567 0.679733822778 0.670972046143
1216.88567 1238.40777379 0.235239750345 0.0109301466342
1238.40777379 1239.23422621 0.169661500649 0.205288892857
1239.23422621 1242.38944521 0.0344870063576 0.0109301466342
1242.38944521 1243.21855479 0.170206988461 0.205288892857
1243.21855479 1301.73564284 0.639600352996 0.0109301466342
1301.73564284 1302.60435716 0.0445658477322 0.0513009247429
1302.60435716 1304.42474555 0.0198971121092 0.0109301466342
1304.42474555 1305.29525445 0.0446579110806 0.0513009247429
1305.29525445 1305.59435528 0.00326921603401 0.0109301466342
1305.59435528 1306.46564472 0.0446979535035 0.0513009247429
1306.46564472 1334.08684804 0.301903802562 0.0109301466342
1334.08684804 1334.97715196 0.336442982085 0.377896777957
1334.97715196 1335.26245577 0.00311841248338 0.0109301466342
1335.26245577 1336.15354423 0.336739458263 0.377896777957
1336.15354423 1393.29509171 0.624565492819 0.0109301466342
1393.29509171 1394.22490829 0.498389075032 0.536007941985
1394.22490829 1402.30208629 0.0882847399397 0.0109301466342
1402.30208629 1403.23791371 0.501610924968 0.536007941985
1403.23791371 1428.89991877 0.280489478257 0.0109301466342
1428.89991877 1547.6855754 1.38005685307 0.0116180428866
1547.6855754 1548.7184246 1.49274247599 1.44526662554
1548.7184246 1550.25671747 0.0178719525883 0.0116180428866
1550.25671747 1551.29128253 1.49522234209 1.44526662554
1551.29128253 1639.85282146 1.02891175742 0.0116180428866
1639.85282146 1640.94717854 0.702113701405 0.641576421421
1640.94717854 1655.7175278 0.171602551086 0.0116180428866
1655.7175278 1658.6730893 0.289731409035 0.0980292268962
1658.6730893 1670.23268445 0.13429987218 0.0116180428866
1670.23268445 1671.34731555 0.218974659875 0.196454825333
1671.34731555 1700.0 0.332888116703 0.0116180428866
1700.0 2795.41923738 "" ""
2795.41923738 2797.28476262 1.88491503014 1.010393738
2797.28476262 2802.59484305 "" ""
2802.59484305 2804.46515695 1.88975344822 1.010393738
