tphys,kstar_1,mass_1,lum_1,deltam_1,RRLO_1,kstar_2,mass_2,lum_2,deltam_2,RRLO_2,porb,sep,bin_state,merger_type,bin_num
0.0,1.0,35.647790412396525,166519.3646253336,0.0,0.08308546370590225,1.0,28.891612416420212,102886.27793356581,0.0,0.08099341281572484,37.80807368961109,190.08590205284835,0,-001,1002087
6.24907670031312,14.0,13.190398312093162,1e-10,-3.721056101062249e-07,6.333735303627278e-07,1.0,50.09667303805496,509593.6533603413,-9.881824114888998e-08,0.05667968523134629,96.46643471225602,352.62062555255534,0,-001,1002087
6.25907670031312,14.0,13.19039831285424,1e-10,7.648689030430678e-14,6.333602453718767e-07,1.0,50.095682840480514,510513.0735865095,-9.925987820246136e-08,0.05679373583340534,96.46945342717743,352.6261427676021,0,-001,1002087
6.26907670031312,14.0,13.190398313621394,1e-10,7.70988682455294e-14,6.333469088924317e-07,1.0,50.094688800469775,511435.081539454,-9.964567292731434e-08,0.056908547763695014,96.47248399874768,352.63168156591433,0,-001,1002087
6.279076700313119,14.0,13.190398314394693,1e-10,7.771798575251526e-14,6.333335205930522e-07,1.0,50.09369089327101,512359.68468645116,-1.0003395677174734e-07,0.05702412824670109,96.47552650410024,352.63724208744514,0,-001,1002087
6.289076700313119,14.0,13.19039831517421,1e-10,7.834434982361778e-14,6.333200801394254e-07,1.0,50.092689093910394,513286.89051456493,-1.0042475211865852e-07,0.0571404846105358,96.47858102106721,352.64282447341157,0,-001,1002087
6.299076700313119,14.0,13.190398315960019,1e-10,7.897806946307577e-14,6.33306587194233e-07,1.0,50.09168337718925,514216.70653062727,-1.0081808163737016e-07,0.05725762428920207,96.481647628187,352.6484288663085,0,-001,1002087
6.309076700313119,14.0,13.190398316752193,1e-10,7.96192557279566e-14,6.332930414171082e-07,1.0,50.09067371768111,515149.14026121225,-1.0121396828905084e-07,0.05737555482491087,96.48472640471473,352.65405540992765,0,-001,1002087
6.3190767003131185,14.0,13.190398317550805,1e-10,8.026802177641551e-14,6.332794424646008e-07,1.0,50.08966008972884,516084.199252612,-1.0161243533226507e-07,0.05749428387045502,96.48781743063029,352.65970424937166,0,-001,1002087
6.329076700313118,14.0,13.190398318355935,1e-10,8.092448291731489e-14,6.332657899901334e-07,1.0,50.08864246744156,517021.8910708076,-1.0201350632865486e-07,0.05761381919163917,96.49092078664877,352.6653755310735,0,-001,1002087
6.339076700313118,14.0,13.190398319167658,1e-10,8.158875666123994e-14,6.332520836439626e-07,1.0,50.08762082469166,517962.2233014386,-1.024172051487543e-07,0.05773416866976871,96.49403655422974,352.67106940281275,0,-001,1002087
6.349076700313118,14.0,13.190398319986054,1e-10,8.22609627729657e-14,6.332383230731373e-07,1.0,50.08659513511168,518905.2035497734,-1.0282355597794335e-07,0.05785534030419796,96.49716481558676,352.67678601373314,0,-001,1002087
6.359076700313118,14.0,13.190398320811202,1e-10,8.294122332541459e-14,6.332245079214551e-07,1.0,50.08556537209111,519850.83944067307,-1.0323258332254267e-07,0.05797734221493986,96.50030565369795,352.68252551436143,0,-001,1002087
6.3690767003131175,14.0,13.190398321643181,1e-10,8.362966275515337e-14,6.332106378294207e-07,1.0,50.08453150877318,520799.1386185555,-1.0364431201605211e-07,0.05810018264533811,96.5034591523157,352.68828805662514,0,-001,1002087
6.379076700313117,14.0,13.190398322482077,1e-10,8.432640791948524e-14,6.331967124342004e-07,1.0,50.083493518051554,521750.10874735867,-1.0405876722553955e-07,0.05822386996480365,96.50662539597747,352.6940737938718,0,-001,1002087
6.389076700313117,14.0,13.19039832332797,1e-10,8.503158815518078e-14,6.331827313695779e-07,1.0,50.08245137256698,522703.757510497,-1.0447597445818109e-07,0.05834841267161715,96.50980447001622,352.6998828808881,0,-001,1002087
6.399076700313117,14.0,13.190398324180949,1e-10,8.574533533890823e-14,6.331686942659091e-07,1.0,50.081405044703864,523660.09261082124,-1.0489595956795781e-07,0.05847381939579852,96.51299646057103,352.7057154739188,0,-001,1002087
6.409076700313117,14.0,13.190398325041095,1e-10,8.646778394941588e-14,6.331546007500743e-07,1.0,50.080354506586765,524619.1217705706,-1.0531874876251322e-07,0.05860009890204602,96.51620145459835,352.7115717306873,0,-001,1002087
6.419076700313116,14.0,13.190398325908498,1e-10,8.719907113152205e-14,6.331404504454311e-07,1.0,50.079299730076855,525580.8527313268,-1.057443686101741e-07,0.05872726009274568,96.51941953988332,352.71745181041604,0,-001,1002087
6.429076700313116,14.0,13.19039832678325,1e-10,8.793933676197742e-14,6.331262429717656e-07,1.0,50.078240686768254,526545.2932539616,-1.0617284604714142e-07,0.058855312011053575,96.52265080505089,352.7233558738463,0,-001,1002087
6.439076700313116,14.0,13.190398327665438,1e-10,8.868872351725704e-14,6.331119779452432e-07,1.0,50.077177347984346,527512.4511185853,-1.066042083848528e-07,0.05898426384405247,96.52589533957803,352.72928408326067,0,-001,1002087
6.449076700313116,14.0,13.190398328555153,1e-10,8.94473769433473e-14,6.330976549783564e-07,1.0,50.076109684774,528482.3341244906,-1.070384833175232e-07,0.05911412492598432,96.5291532338053,352.735236602504,0,-001,1002087
6.4590767003131155,14.0,13.190398329452492,1e-10,9.021544552759757e-14,6.330832736798773e-07,1.0,50.07503766790771,529454.9500900931,-1.074756989298673e-07,0.05924490474156158,96.53242457894878,352.7412135970043,0,-001,1002087
6.469076700313115,14.0,13.190398330357546,1e-10,9.09930807727004e-14,6.330688336548007e-07,1.0,50.07396126787365,530430.3068528718,-1.0791588370500912e-07,0.05937661292935765,96.53570946711305,352.74721523379696,0,-001,1002087
6.479076700313115,14.0,13.190398331270412,1e-10,9.178043727287342e-14,6.330543345042913e-07,1.0,50.07288045487367,531408.4122693025,-1.0835906653258151e-07,0.05950925928527974,96.5390079913037,352.75324168154714,0,-001,1002087
6.489076700313115,14.0,13.190398332191188,1e-10,9.257767279231977e-14,6.330397758256318e-07,1.0,50.07179519881921,532389.2742147936,-1.0880527671702376e-07,0.05964285376612633,96.54232024543974,352.7592931105717,0,-001,1002087
6.499076700313115,14.0,13.190398333119976,1e-10,9.338494834604159e-14,6.330251572121634e-07,1.0,50.0707054693271,533372.9005836132,-1.0925454398607991e-07,0.05977740649322972,96.54564632436755,352.7653696928653,0,-001,1002087
6.5090767003131145,14.0,13.190398334056871,1e-10,9.420242828308402e-14,6.330104782532305e-07,1.0,50.069611235715314,534359.2992888172,-1.0970689849950375e-07,0.05991292775618768,96.54898632387386,352.77147160212303,0,-001,1002087
6.519076700313114,14.0,13.19039833500198,1e-10,9.50302803722971e-14,6.329957385341234e-07,1.0,50.06851246699861,535348.4782621729,-1.1016237085797563e-07,0.06004942801668578,96.55234034069942,352.77759901376555,0,-001,1002087
6.529076700313114,14.0,13.190398335955408,1e-10,9.586867589069816e-14,6.329809376360163e-07,1.0,50.06740913188408,536340.4454540778,-1.1062099211223735e-07,0.060186917912411535,96.5557084725534,352.7837521049651,0,-001,1002087
6.539076700313114,14.0,13.19039833691726,1e-10,9.671778971452401e-14,6.32966075135909e-07,1.0,50.06630119876661,537335.2088334782,-1.110827937724496e-07,0.06032540826106502,96.55909081812744,352.78993105467083,0,-001,1002087
6.549076700313114,14.0,13.190398337887643,1e-10,9.757780041306644e-14,6.329511506065638e-07,1.0,50.06518863572428,538332.7763877814,-1.1154780781777862e-07,0.060464910064465895,96.5624874771103,352.7961360436351,0,-001,1002087
6.559076700313113,14.0,13.190398338866668,1e-10,9.84488903453856e-14,6.329361636164432e-07,1.0,50.06407141051363,539333.1561227659,-1.1201606670621833e-07,0.06060543451276127,96.56589855020255,352.80236725444036,0,-001,1002087
6.569076700313113,14.0,13.190398339854443,1e-10,9.933124576000093e-14,6.329211137296439e-07,1.0,50.06294949056478,540336.3560624872,-1.124876033846522e-07,0.060746992988735565,96.56932413913222,352.80862487152723,0,-001,1002087
6.579076700313113,14.0,13.190398340851086,1e-10,1.0022505689766417e-13,6.32906000505833e-07,1.0,50.061822842976596,541342.384249181,-1.1296245129916378e-07,0.06088959707222587,96.57276434667013,352.8149090812222,0,-001,1002087
6.589076700313113,14.0,13.190398341856712,1e-10,1.0113051809731867e-13,6.328908235001786e-07,1.0,50.06069143451159,542351.2487431612,-1.1344064440559996e-07,0.06103325854464489,96.57621927664557,352.8212200717661,0,-001,1002087
6.5990767003131126,14.0,13.190398342871436,1e-10,1.0204782790536034e-13,6.328755822632828e-07,1.0,50.0595552315908,543362.9576227142,-1.1392221718039576e-07,0.0611779893936147,96.57968903396284,352.82755803334385,0,-001,1002087
6.609076700313112,14.0,13.190398343895376,1e-10,1.0297718918831204e-13,6.328602763411103e-07,1.0,50.05841420028856,544377.5189839904,-1.144072046316653e-07,0.06132380181771365,96.58317372461754,352.8339231581139,0,-001,1002087
6.619076700313112,14.0,13.190398344552271,1e-10,3.437351188436006e-14,6.328504978283727e-07,1.0,50.05768522554753,545404.0361533595,-3.800460930368821e-08,0.06147132916850711,96.5854001029244,352.83798979518866,0,-001,1002087
6.629076700313112,14.0,13.190398344897279,1e-10,3.471540954565712e-14,6.32845390252068e-07,1.0,50.057304462282076,546441.1797104963,-3.819684695632664e-08,0.0616204948392641,96.58656303445314,352.8401139549944,0,-001,1002087
6.639076700313112,14.0,13.190398345245722,1e-10,3.5061781571599675e-14,6.328402568381733e-07,1.0,50.05692177220087,547481.336799803,-3.839027756372353e-08,0.06177079208079528,96.58773187225025,352.84224889017247,0,-001,1002087
6.6490767003131115,14.0,13.190398345597647,1e-10,3.541270012801635e-14,6.328350974264499e-07,1.0,50.05653714334881,548524.5168332757,-3.858490744170844e-08,0.061922234166040035,96.58890665315707,352.8443946678223,0,-001,1002087
6.659076700313111,14.0,13.1903983459531,1e-10,3.5768238162436435e-14,6.32829911855859e-07,1.0,50.056150563711164,549570.7292550489,-3.8780742526932234e-08,0.06207483460796704,96.59008741420172,352.8465513553821,0,-001,1002087
6.669076700313111,14.0,13.190398346312124,1e-10,3.6128470036311707e-14,6.328246999645701e-07,1.0,50.05576202121398,550619.9835415165,-3.8977788712398693e-08,0.06222860716515651,96.59127419259774,352.84871902062605,0,-001,1002087
6.679076700313111,14.0,13.190398346674769,1e-10,3.649347155754024e-14,6.32819461589966e-07,1.0,50.05537150372458,551672.2892014565,-3.917605184405698e-08,0.06238356584752125,96.59246702574244,352.8508977316616,0,-001,1002087
6.689076700313111,14.0,13.19039834704108,1e-10,3.686332001382923e-14,6.328141965686475e-07,1.0,50.054978999052004,552727.6557761524,-3.93755377172486e-08,0.06253972492216878,96.59366595121612,352.85308755692773,0,-001,1002087
6.69907670031311,14.0,13.19039834741111,1e-10,3.723809420691872e-14,6.328089047364461e-07,1.0,50.054584494947534,553786.0928395201,-3.9576252073002386e-08,0.06269709891941032,96.59487100677964,352.8552885651904,0,-001,1002087
6.70907670031311,14.0,13.190398347784907,1e-10,3.761787448768997e-14,6.328035859284234e-07,1.0,50.05418797910527,554847.6099982344,-3.9778200594171733e-08,0.0628557026389183,96.59608223037385,352.85750082554193,0,-001,1002087
6.71907670031311,14.0,13.19039834816252,1e-10,3.8002742792181644e-14,6.327982399788857e-07,1.0,50.05378943916271,555912.216891857,-3.9981388901407066e-08,0.06301555115603842,96.59729966011699,352.8597244073958,0,-001,1002087
6.72907670031311,14.0,13.190398348543999,1e-10,3.839278267853805e-14,6.327928667213878e-07,1.0,50.0533888627014,556979.9231929659,-4.018582254895867e-08,0.06317665982825812,96.59852333430325,352.8619593804843,0,-001,1002087
6.73907670031311,14.0,13.1903983489294,1e-10,3.878807936491561e-14,6.327874659887481e-07,1.0,50.05298623724758,558050.738607286,-4.0391507020301666e-08,0.06333904430183804,96.5997532914002,352.8642058148533,0,-001,1002087
6.749076700313109,14.0,13.190398349318773,1e-10,3.918871976836962e-14,6.327820376130513e-07,1.0,50.05258155027297,559124.6728738231,-4.059844772357542e-08,0.06350272051860853,96.60098957004767,352.86646378086084,0,-001,1002087
6.759076700313109,14.0,13.190398349712172,1e-10,3.959479254475155e-14,6.327765814256626e-07,1.0,50.052174789195476,560201.7357649964,-4.080664998683231e-08,0.06366770472293767,96.60223220905436,352.8687333491706,0,-001,1002087
6.769076700313109,14.0,13.190398350109653,1e-10,4.00063881296417e-14,6.3277109725724e-07,1.0,50.05176594138007,561281.9370867766,-4.101611905308727e-08,0.06383401346887338,96.60348124739596,352.87101459074836,0,-001,1002087
6.779076700313109,14.0,13.190398350511272,1e-10,4.0423598780342844e-14,6.327655849377423e-07,1.0,50.0513549941396,562365.2866788219,-4.1226860075158416e-08,0.06400166362746626,96.60473672421256,352.87330757685714,0,-001,1002087
6.7890767003131085,14.0,13.190398350917082,1e-10,4.0846518618967094e-14,6.327600442964438e-07,1.0,50.05094193473577,563451.7944146182,-4.1438878110294435e-08,0.0641706723942765,96.6059986788056,352.87561237905203,0,-001,1002087
6.799076700313108,14.0,13.190398351327143,1e-10,4.127524367663981e-14,6.327544751619473e-07,1.0,50.05052675038006,564541.47020162,-4.16521781145759e-08,0.06434105729707092,96.60726715063531,352.8779290691751,0,-001,1002087
6.809076700313108,14.0,13.190398351741516,1e-10,4.1709871938853887e-14,6.327488773621968e-07,1.0,50.05010942823479,565634.3239813952,-4.186676493708566e-08,0.06451283620371409,96.6085421793174,352.8802577193495,0,-001,1002087
6.819076700313108,14.0,13.190398352160257,1e-10,4.215050339200286e-14,6.327432507244939e-07,1.0,50.04968995541424,566730.3657297692,-4.2082643313836344e-08,0.06468602733026055,96.60982380461975,352.8825984019734,0,-001,1002087
6.829076700313108,14.0,13.190398352583424,1e-10,4.2597240071122836e-14,6.327375950755104e-07,1.0,50.04926831898573,567829.6054569728,-4.229981786144744e-08,0.06486064924925186,96.61111206645931,352.8849511897142,0,-001,1002087
6.839076700313107,14.0,13.190398353011084,1e-10,4.3050186108876066e-14,6.327319102413089e-07,1.0,50.048844505970926,568932.0532077926,-4.251829307056032e-08,0.06503672089822536,96.61240700489773,352.88731615550046,0,-001,1002087
6.849076700313107,14.0,13.190398353443296,1e-10,4.350944778580679e-14,6.327261960473561e-07,1.0,50.048418503347044,570037.7190617219,-4.2738073298982886e-08,0.06521426158843956,96.6137086601383,352.88969337251655,0,-001,1002087
6.859076700313107,14.0,13.190398353880125,1e-10,4.3975133581905896e-14,6.32720452318542e-07,1.0,50.04799029804825,571146.613133116,-4.295916276455371e-08,0.06539329101382294,96.6150170725214,352.89208291419425,0,-001,1002087
6.869076700313107,14.0,13.190398354321633,1e-10,4.444735422951059e-14,6.327146788792005e-07,1.0,50.047559876967085,572258.7455713495,-4.318156553771016e-08,0.06557382926015161,96.61633228252028,352.8944848542046,0,-001,1002087
6.879076700313107,14.0,13.19039835476789,1e-10,4.492622276758293e-14,6.327088755531282e-07,1.0,50.04712722695596,573374.126560974,-4.340528553375709e-08,0.06575589681446294,96.61765433073671,352.89689926645065,0,-001,1002087
6.889076700313106,14.0,13.19039835521896,1e-10,4.5411854597392953e-14,6.327030421636063e-07,1.0,50.04669233482874,574492.7663218823,-4.3630326504816276e-08,0.0659395145747112,96.61898325789586,352.89932622505734,0,-001,1002087
6.899076700313106,14.0,13.190398355674914,1e-10,4.5904367539649504e-14,6.326971785334227e-07,1.0,50.04625518736241,575614.675109472,-4.3856692031450513e-08,0.066124703859672,96.62031910484154,352.9017658043632,0,-001,1002087
6.909076700313106,14.0,13.190398356135816,1e-10,4.640388189311088e-14,6.32691284484893e-07,1.0,50.045815771298805,576739.8632148136,-4.408438551394694e-08,0.06631148641910238,96.62166191253127,352.9042180789115,0,-001,1002087
6.919076700313106,14.0,13.19039835660174,1e-10,4.691052049471268e-14,6.32685359839891e-07,1.0,50.04537407334647,577868.340964821,-4.431341016324596e-08,0.06649988444416519,96.62301172202983,352.90668312343786,0,-001,1002087
6.9290767003131055,14.0,13.190398357072759,1e-10,4.7424408781254705e-14,6.326794044198677e-07,1.0,50.044930080182574,579000.1187224262,-4.45437689915059e-08,0.06668992057812242,96.62436857450433,352.9091610128619,0,-001,1002087
6.939076700313105,14.0,13.190398357548945,1e-10,4.7945674852679654e-14,6.32673418045883e-07,1.0,50.04448377845493,580135.2068867548,-4.477546480228534e-08,0.06688161792730836,96.62573251121762,352.91165182227445,0,-001,1002087
6.949076700313105,14.0,13.19039835803037,1e-10,4.847444953698655e-14,6.326674005386322e-07,1.0,50.04403515478415,581273.6158933082,-4.5008500180329776e-08,0.06707500007238767,96.62710357352215,352.9141556269272,0,-001,1002087
6.959076700313105,14.0,13.190398358517111,1e-10,4.9010866456820496e-14,6.326613517184773e-07,1.0,50.04358419576581,582415.3562141462,-4.524287748095171e-08,0.06727009107990901,96.62848180285279,352.91667250221855,0,-001,1002087
6.969076700313105,14.0,13.190398359009246,1e-10,4.955506209777271e-14,6.32655271405477e-07,1.0,50.04313088797287,583560.4383580755,-4.5478598818980444e-08,0.0674669155141605,96.62986724072012,352.9192025236821,0,-001,1002087
6.9790767003131045,14.0,13.190398359506853,1e-10,5.010717587844189e-14,6.326491594194191e-07,1.0,50.04267521795805,584708.8728708392,-4.571566605727531e-08,0.06766549844933722,96.63125992870324,352.92174576697346,0,-001,1002087
6.989076700313104,14.0,13.190398360010011,1e-10,5.066735022228944e-14,6.326430155798562e-07,1.0,50.04221717225642,585860.6703353152,-4.595408079477756e-08,0.06786586548202958,96.63265990844137,352.9243023078543,0,-001,1002087
6.999076700313104,14.0,13.190398360518799,1e-10,5.1235730631337736e-14,6.326368397061407e-07,1.0,50.04175673738809,587015.8413717124,-4.619384435408902e-08,0.06806804274404098,96.63406722162638,352.9268722221794,0,-001,1002087
7.009076700313104,14.0,13.190398361033303,1e-10,5.181246576175179e-14,6.32630631617464e-07,1.0,50.04129389986102,588174.3966377754,-4.643495776855699e-08,0.06827205691554565,96.63548190999352,352.92945558587905,0,-001,1002087
7.019076700313104,14.0,13.190398361553607,1e-10,5.2397707501350065e-14,6.326243911328942e-07,1.0,50.04082864617394,589336.3468289932,-4.667742176884977e-08,0.06847793523859534,96.6369040153132,352.93205247494467,0,-001,1002087
7.029076700313103,14.0,13.190398362079794,1e-10,5.2991611049085453e-14,6.326181180714165e-07,1.0,50.04036096281947,590501.7026788103,-4.692123676900016e-08,0.06868570553098609,96.63833357938171,352.9346629654114,0,-001,1002087
7.039076700313103,14.0,13.190398362611953,1e-10,5.359433499654556e-14,6.3261181225198e-07,1.0,50.0398908362873,591670.4749588448,-4.7166402851901034e-08,0.06889539620049559,96.63977064401043,352.9372871333384,0,-001,1002087
7.049076700313103,14.0,13.190398363150173,1e-10,5.4206041411514886e-14,6.326054734935384e-07,1.0,50.039418253067595,592842.6744791112,-4.741291975423009e-08,0.06910703625950132,96.64121525101697,352.9399250547929,0,-001,1002087
7.059076700313103,14.0,13.190398363694545,1e-10,5.4826895923647594e-14,6.325991016151007e-07,1.0,50.03894319965446,594018.3120882453,-4.7660786850786796e-08,0.06932065533999182,96.64266744221342,352.9425768058287,0,-001,1002087
7.0690767003131025,14.0,13.190398364245159,1e-10,5.5457067812291364e-14,6.325926964357788e-07,1.0,50.03846566254968,595197.3986737407,-4.79100031382126e-08,0.06953628370898221,96.64412725939573,352.94524246246635,0,-001,1002087
7.079076700313102,14.0,13.19039836480211,1e-10,5.6096730096518063e-14,6.325862577748385e-07,1.0,50.03798562826654,596379.9451621835,-4.816056721808199e-08,0.06975395228434615,96.64559474433199,352.9479221006724,0,-001,1002087
7.089076700313102,14.0,13.190398365365494,1e-10,5.6746059627399885e-14,6.325797854517548e-07,1.0,50.03750308333381,597565.9625194984,-4.841247727933339e-08,0.06997369265107724,96.64706993874996,352.95061579633597,0,-001,1002087
7.099076700313102,14.0,13.190398365935408,1e-10,5.740523718258113e-14,6.325732792862667e-07,1.0,50.037018014299996,598755.4617511984,-4.8665731080019226e-08,0.07019553707799203,96.64855288432463,352.9533236252464,0,-001,1002087
7.109076700313102,14.0,13.190398366511952,1e-10,5.80744475631947e-14,6.325667390984369e-07,1.0,50.03653040773767,599948.4539026407,-4.8920325928351305e-08,0.07041951853488879,96.6500436226647,352.9560456630688,0,-001,1002087
7.1190767003131015,14.0,13.190398367095224,1e-10,5.875387969317002e-14,6.325601647087113e-07,1.0,50.03604025024808,601144.9500592903,-4.91762586630173e-08,0.07064567071017545,96.65154219529894,352.9587819853184,0,-001,1002087
7.129076700313101,14.0,13.19039836768533,1e-10,5.944372672097446e-14,6.325535559379864e-07,1.0,50.03554752846587,602344.9613469886,-4.9433525632736194e-08,0.07087402802898195,96.65304864366114,352.96153266733376,0,-001,1002087
7.139076700313101,14.0,13.190398368282374,1e-10,6.014418612384543e-14,6.325469126076705e-07,1.0,50.035052229064114,603548.4989322306,-4.969212267503576e-08,0.0711046256717699,96.65456300907586,352.96429778425045,0,-001,1002087
7.149076700313101,14.0,13.190398368886463,1e-10,6.0855459814551e-14,6.325402345397598e-07,1.0,50.034554338759484,604755.5740224496,-4.9952045094215535e-08,0.07133749959345786,96.65608533274151,352.96707741097,0,-001,1002087
7.159076700313101,14.0,13.190398369497705,1e-10,6.157775425072999e-14,6.325335215569043e-07,1.0,50.03405384431766,605966.1978663069,-5.021328763847155e-08,0.07157268654307497,96.65761565571503,352.96987162213253,0,-001,1002087
7.1690767003131,14.0,13.190398370116213,1e-10,6.231128054685712e-14,6.325267734824888e-07,1.0,50.033550732559,607180.3817539931,-5.047584447615212e-08,0.07181022408396256,96.6591540188937,352.9726804920827,0,-001,1002087
7.1790767003131,14.0,13.190398370742098,1e-10,6.305625458888048e-14,6.325199901407088e-07,1.0,50.033044990364395,608398.1370175342,-5.073970917111669e-08,0.0720501506145382,96.66070046299787,352.9755040948389,0,-001,1002087
7.1890767003131,14.0,13.190398371375474,1e-10,6.381289715157102e-14,6.325131713566536e-07,1.0,50.032536604681454,609619.4750311099,-5.1004874657161895e-08,0.07229250538964146,96.66225502855178,352.978342504058,0,-001,1002087
7.1990767003131,14.0,13.190398372016464,1e-10,6.458143401863374e-14,6.325063169563911e-07,1.0,50.032025562530855,610844.4072113753,-5.127133321148864e-08,0.07253732854247903,96.66381775586478,352.981195793001,0,-001,1002087
7.2090767003130996,14.0,13.190398372665182,1e-10,6.536209610561888e-14,6.324994267670594e-07,1.0,50.031511851013065,612072.9450177994,-5.153907642717255e-08,0.072784661107189,96.66538868500997,352.9840640344939,0,-001,1002087
7.219076700313099,14.0,13.190398373321754,1e-10,6.61551195856787e-14,6.324925006169562e-07,1.0,50.03099545731522,613305.0999530049,-5.1808095184608876e-08,0.07303454504204242,96.66696785580417,352.9869473008917,0,-001,1002087
7.229076700313099,14.0,13.190398373986302,1e-10,6.696074601820573e-14,6.324855383356383e-07,1.0,50.03047636871843,614540.8835631247,-5.207837962189273e-08,0.07328702325330447,96.66855530778513,352.9898456640362,0,-001,1002087
7.239076700313099,14.0,13.190398374658953,1e-10,6.777922248039125e-14,6.324785397540228e-07,1.0,50.029954572605284,615780.3074381654,-5.234991910410115e-08,0.07354213961977503,96.67015108018855,352.99275919521455,0,-001,1002087
7.249076700313099,14.0,13.19039837533984,1e-10,6.861080170174506e-14,6.324715047044903e-07,1.0,50.029430056467675,617023.3832123816,-5.262270219144242e-08,0.07379993901803054,96.67175521192455,352.9956879651159,0,-001,1002087
7.2590767003130985,14.0,13.19039837602909,1e-10,6.945574220160138e-14,6.324644330209948e-07,1.0,50.028902807915024,618270.1225646633,-5.289671660623132e-08,0.07406046734839127,96.67336774155275,352.9986320437864,0,-001,1002087
7.269076700313098,14.0,13.190398376726842,1e-10,7.031430842965116e-14,6.324573245391777e-07,1.0,50.02837281468273,619520.5372189314,-5.317194919865471e-08,0.07432377156163543,96.67498870725595,353.0015915005809,0,-001,1002087
7.279076700313098,14.0,13.19039837743323,1e-10,7.118677090952302e-14,6.324501790964872e-07,1.0,50.027840064641076,620774.6389445502,-5.344838591128928e-08,0.07458989968648672,96.67661814681337,353.00456640411403,0,-001,1002087
7.289076700313098,14.0,13.190398378148394,1e-10,7.207340638543834e-14,6.324429965323002e-07,1.0,50.02730454580439,622032.4395567476,-5.372601174232542e-08,0.0748589008578988,96.67825609757254,353.00755682220915,0,-001,1002087
7.299076700313098,14.0,13.19039837887248,1e-10,7.29744979719697e-14,6.324357766880516e-07,1.0,50.02676624634067,623293.9509170513,-5.4004810707467334e-08,0.07513082534616448,96.67990259642009,353.01056282184504,0,-001,1002087
7.309076700313097,14.0,13.190398379605632,1e-10,7.389033530690431e-14,6.324285194073657e-07,1.0,50.02622515458152,624559.1849337372,-5.428476580045285e-08,0.07540572458687538,96.68155767975149,353.013584469101,0,-001,1002087
7.319076700313097,14.0,13.190398380347998,1e-10,7.482121470724265e-14,6.324212245361984e-07,1.0,50.02568125903255,625828.1535622929,-5.456585895216247e-08,0.07568365121176235,96.6832213834388,353.0166218290972,0,-001,1002087
7.329076700313097,14.0,13.19039838109973,1e-10,7.576743932832871e-14,6.324138919229782e-07,1.0,50.025134548384166,627100.8688058945,-5.4848070988268893e-08,0.07596465908044345,96.68489374279868,353.0196749659373,0,-001,1002087
7.339076700313097,14.0,13.190398381860982,1e-10,7.672931932611964e-14,6.324065214187579e-07,1.0,50.02458501152273,628377.3427158989,-5.5131381585381087e-08,0.07624880331311261,96.6865747925574,353.02274394264407,0,-001,1002087
7.349076700313097,14.0,13.19039838263191,1e-10,7.770717202258709e-14,6.323991128773699e-07,1.0,50.0240326375423,629657.5873923526,-5.5415769225639896e-08,0.07653614032419866,96.68826456681565,353.0258288210957,0,-001,1002087
7.359076700313096,14.0,13.190398383412678,1e-10,7.870132207424761e-14,6.3239166615559e-07,1.0,50.02347741575667,630941.6149845166,-5.5701211149718885e-08,0.07682672785702853,96.68996309901124,353.028929661957,0,-001,1002087
7.369076700313096,14.0,13.190398384203451,1e-10,7.971210164379388e-14,6.323841811133034e-07,1.0,50.022919335712025,632229.4376914059,-5.598768330818086e-08,0.07712062501952847,96.69167042188101,353.03204652461096,0,-001,1002087
7.379076700313096,14.0,13.190398385004395,1e-10,8.073985057481402e-14,6.323766576136802e-07,1.0,50.02235838719998,633521.0677623503,-5.627516031114688e-08,0.07741789232099865,96.69338656742087,353.03517946708524,0,-001,1002087
7.389076700313096,14.0,13.19039838581568,1e-10,8.178491656955473e-14,6.323690955233594e-07,1.0,50.02179456027122,634816.5174975712,-5.6563615376224476e-08,0.07771859170999837,96.69511156684385,353.03832854597607,0,-001,1002087
7.3990767003130955,14.0,13.19039838663748,1e-10,8.28476553696925e-14,6.323614947126344e-07,1.0,50.021227845249584,636115.7992487772,-5.685302027464933e-08,0.07802278661337954,96.69684545053767,353.04149381637046,0,-001,1002087
7.409076700313095,14.0,13.190398387469974,1e-10,8.392843094005566e-14,6.323538550556534e-07,1.0,50.020658232746776,637418.9254197798,-5.714334527559035e-08,0.07833054197650832,96.69858824801902,353.0446753317635,0,-001,1002087
7.419076700313095,14.0,13.190398388313346,1e-10,8.502761565523269e-14,6.323461764306198e-07,1.0,50.02008571367756,638725.9084671296,-5.743455908856645e-08,0.0786419243047167,96.70033998788787,353.04787314397447,0,-001,1002087
7.429076700313095,14.0,13.190398389167779,1e-10,8.614559048899364e-14,6.323384587200032e-07,1.0,50.01951027927561,640036.7609007729,-5.772662880392632e-08,0.07895700170602622,96.702100697779,353.05108730305926,0,-001,1002087
7.439076700313095,14.0,13.190398390033463,1e-10,8.728274520643263e-14,6.323307018107623e-07,1.0,50.01893192110989,641351.4952847305,-5.8019519831340585e-08,0.07927584393518891,96.70387040431149,353.0543178572176,0,-001,1002087
7.449076700313094,14.0,13.190398390910591,1e-10,8.843947855872658e-14,6.323229055945698e-07,1.0,50.01835063110174,642670.1242377992,-5.8313195836253216e-08,0.07959852243909166,96.70564913303703,353.05756485269933,0,-001,1002087
7.459076700313094,14.0,13.190398391799361,1e-10,8.961619848039443e-14,6.323150699680503e-07,1.0,50.01776640154253,643992.6604342771,-5.860761867424356e-08,0.07992511040357232,96.70743690838569,353.06082833370533,0,-001,1002087
7.469076700313094,14.0,13.190398392699972,1e-10,9.081332228891771e-14,6.323071948330248e-07,1.0,50.017179225112,645319.1166047121,-5.8902748323246706e-08,0.08025568280169774,96.70923375361001,353.06410834228603,0,-001,1002087
7.479076700313094,14.0,13.19039839361263,1e-10,9.203127688656959e-14,6.322992800967646e-07,1.0,50.016589094897355,646649.5055366758,-5.919854281358053e-08,0.08059031644355527,96.71103969072705,353.0674049182356,0,-001,1002087
7.489076700313094,14.0,13.19039839453755,1e-10,9.327049896428145e-14,6.32291325672259e-07,1.0,50.015996004412926,647983.8400755654,-5.949495815573074e-08,0.08092909002761392,96.71285474045719,353.07071809898036,0,-001,1002087
7.499076700313093,14.0,13.19039839547494,1e-10,9.453143520734809e-14,6.322833314784818e-07,1.0,50.0153999476207,649322.1331254292,-5.979194826584164e-08,0.08127208419370846,96.71467892216296,353.07404791946783,0,-001,1002087
7.509076700313093,14.0,13.190398396425023,1e-10,9.581454250275963e-14,6.322752974406813e-07,1.0,50.014800918951536,650664.397649823,-6.008946488886464e-08,0.08161938157770875,96.71651225378316,353.0773944120462,0,-001,1002087
7.519076700313093,14.0,13.190398397388021,1e-10,9.712028814791341e-14,6.322672234906728e-07,1.0,50.01419891332715,652010.6466726942,-6.038745751931376e-08,0.08197106686793285,96.71835475176583,353.0807576063427,0,-001,1002087
7.529076700313093,14.0,13.190398398364163,1e-10,9.844915006044546e-14,6.32259109567141e-07,1.0,50.013593926182956,653360.8932792951,-6.068587331958464e-08,0.08232722686336884,96.72020643099887,353.0841375291369,0,-001,1002087
7.5390767003130925,14.0,13.19039839935368,1e-10,9.980161698887237e-14,6.322509556159572e-07,1.0,50.012985953491665,654715.1506171286,-6.098465703578251e-08,0.08268795053377108,96.72206730473775,353.08753420422977,0,-001,1002087
7.549076700313092,14.0,13.190398400356813,1e-10,1.0117818872373612e-13,6.322427615905072e-07,1.0,50.01237499178779,656073.431896925,-6.128375091102499e-08,0.08305332908170107,96.72393738453044,353.09094765230606,0,-001,1002087
7.559076700313092,14.0,13.190398401373802,1e-10,1.0257937630887402e-13,6.322345274520291e-07,1.0,50.01176103819298,657435.7503936517,-6.158309459616707e-08,0.08342345600658294,96.72581668014023,353.0943778907944,0,-001,1002087
7.569076700313092,14.0,13.190398402404893,1e-10,1.0400570225243017e-13,6.32226253169964e-07,1.0,50.01114409044233,658802.1194475581,-6.188262505791243e-08,0.08379842717084979,96.72770519946556,353.0978249337214,0,-001,1002087
7.579076700313092,14.0,13.190398403450345,1e-10,1.0545770073716961e-13,6.322179387223188e-07,1.0,50.010524146911514,660172.5524652535,-6.218227648427025e-08,0.08417834086825916,96.7296029484565,353.10128879155945,0,-001,1002087
7.5890767003130915,14.0,13.190398404510415,1e-10,1.06935917829632e-13,6.322095840960422e-07,1.0,50.009901206644976,661547.0629208263,-6.248198018732428e-08,0.08456329789445764,96.73150993102948,353.1047694710715,0,-001,1002087
7.599076700313091,14.0,13.190398405585364,1e-10,1.0844091168759151e-13,6.322011892874145e-07,1.0,50.009275269385036,662925.6643569939,-6.278166450327651e-08,0.08495340161988085,96.73342614897757,353.1082669751479,0,-001,1002087
7.609076700313091,14.0,13.190398406675467,1e-10,1.099732527652779e-13,6.321927543024491e-07,1.0,50.00864633560204,664308.3703862978,-6.308125468974282e-08,0.08534875806507541,96.7353516018789,353.11178130263966,0,-001,1002087
7.619076700313091,14.0,13.190398407780997,1e-10,1.1153352401573085e-13,6.321842791573078e-07,1.0,50.00801440652552,665695.1946923358,-6.338067282026806e-08,0.08574947597853694,96.73728628700144,353.11531244818525,0,-001,1002087
7.629076700313091,14.0,13.190398408902235,1e-10,1.1312232108962825e-13,6.321757638787313e-07,1.0,50.00737948417644,667086.1510310352,-6.367983767604601e-08,0.08615566691715809,96.73923019920448,353.11886040203166,0,-001,1002087
7.63907670031309,14.0,13.19039841003947,1e-10,1.1474025252986482e-13,6.321672085044855e-07,1.0,50.00674157140055,668481.2532319701,-6.397866463482645e-08,0.08656744532938841,96.74118333083659,353.12242514984814,0,-001,1002087
7.64907670031309,14.0,13.190398411192993,1e-10,1.16387939961086e-13,6.321586130838194e-07,1.0,50.00610067190285,669880.5151997235,-6.427706555699556e-08,0.08698492864120998,96.7431456716308,353.1260066725361,0,-001,1002087
7.65907670031309,14.0,13.190398412363106,1e-10,1.180660182733381e-13,6.321499776779397e-07,1.0,50.00545679028312,671283.950915291,-6.457494866883203e-08,0.08740823734503589,96.74511720859557,353.12960494603067,0,-001,1002087
7.66907670031309,14.0,13.190398413550113,1e-10,1.1977513579890203e-13,6.321413023605042e-07,1.0,50.00480993207278,672691.5744375335,-6.487221844293414e-08,0.08783749509164906,96.74709792590265,353.13321994109657,0,-001,1002087
7.6790767003130895,14.0,13.190398414754332,1e-10,1.2151595448132085e-13,6.321325872181243e-07,1.0,50.004160103772875,674103.3999046814,-6.516877547583412e-08,0.08827282878529567,96.74908780477126,353.13685162311765,0,-001,1002087
7.689076700313089,14.0,13.190398415976079,1e-10,1.232891500355394e-13,6.321238323508895e-07,1.0,50.00350731289325,675519.4415358797,-6.546451636281248e-08,0.08871436868206076,96.75108682334815,353.14049995187906,0,-001,1002087
7.699076700313089,14.0,13.190398417215679,1e-10,1.2509541209800074e-13,6.321150378729089e-07,1.0,50.002851567993076,676939.713632793,-6.575933356994464e-08,0.08916224849165236,96.75309495658408,353.14416488134236,0,-001,1002087
7.709076700313089,14.0,13.190398418473468,1e-10,1.2693544436543783e-13,6.321062039128633e-07,1.0,50.00219287872261,678364.2305812568,-6.60531153034101e-08,0.08961660548273039,96.75511217610678,353.1478463594148,0,-001,1002087
7.719076700313089,14.0,13.190398419749783,1e-10,1.2880996472101633e-13,6.320973306145838e-07,1.0,50.001531255866304,679793.0068529838,-6.634574537611792e-08,0.09007758059192154,96.75713845008876,353.15154432770913,0,-001,1002087
7.7290767003130885,14.0,13.190398421044975,1e-10,1.3071970534636877e-13,6.320884181376413e-07,1.0,50.000866711387204,681226.0570073273,-6.663710307170043e-08,0.09054531853666638,96.75917374311233,353.15525872129786,0,-001,1002087
7.739076700313088,14.0,13.190398422359399,1e-10,1.3266541281796358e-13,6.320794666579555e-07,1.0,50.00019925847279,682663.3956930971,-6.692706300595212e-08,0.0910199679320523,96.7612180160301,353.1589894684606,0,-001,1002087
7.749076700313088,14.0,13.190398423693415,1e-10,1.3464784818612386e-13,6.32070476368424e-07,1.0,49.99952891158218,684105.0376504392,-6.721549498579653e-08,0.09150168141179416,96.76327122582056,353.1627364904213,0,-001,1002087
7.759076700313088,14.0,13.190398425047393,1e-10,1.3666778703488703e-13,6.320614474795703e-07,1.0,49.99885568649471,685550.9977127671,-6.75022638658774e-08,0.09199061575352904,96.76533332544034,353.16649970107966,0,-001,1002087
7.769076700313088,14.0,13.190398426421714,1e-10,1.387260195207714e-13,6.320523802202079e-07,1.0,49.998179600360025,687001.2908087613,-6.778722940289426e-08,0.09248693200860131,96.76740426367144,353.1702790067341,0,-001,1002087
7.779076700313087,14.0,13.190398427816762,1e-10,1.4082335038837136e-13,6.320432748381259e-07,1.0,49.997500671749634,688455.9319644264,-6.807024610781148e-08,0.09299079563652075,96.76948398496457,353.1740743057973,0,-001,1002087
7.789076700313087,14.0,13.19039842923293,1e-10,1.4296059896055087e-13,6.320341316007942e-07,1.0,49.99681892070984,689914.9363052127,-6.835116309609348e-08,0.09350237664428619,96.7715724292774,353.17788548850234,0,-001,1002087
7.799076700313087,14.0,13.190398430670621,1e-10,1.4513859910084284e-13,6.320249507960861e-07,1.0,49.996134368816335,691378.3190582034,-6.862982393613377e-08,0.09402184973077415,96.77366953190918,353.1817124366028,0,-001,1002087
7.809076700313087,14.0,13.190398432130248,1e-10,1.4735819914551204e-13,6.320157327330262e-07,1.0,49.99544703923021,692846.0955543666,-6.890606649607327e-08,0.09454939443640327,96.77577522332955,353.18555502306185,0,-001,1002087
7.8190767003130865,14.0,13.190398433612229,1e-10,1.4962026180253874e-13,6.320064777425487e-07,1.0,49.994756956755495,694318.2812308774,-6.917972278922229e-08,0.09508519529829278,96.7778894290044,353.1894131117368,0,-001,1002087
7.829076700313086,14.0,13.19039843511699,1e-10,1.5192566401460076e-13,6.319971861782875e-07,1.0,49.99406414789836,695794.891633505,-6.945061881832071e-08,0.09562944201114519,96.78001206921529,353.1932865570512,0,-001,1002087
7.839076700313086,14.0,13.19039843664497,1e-10,1.5427529678294666e-13,6.31987858417378e-07,1.0,49.99336864092773,697275.942419073,-6.971857441891106e-08,0.09618232959409358,96.78214305887569,353.1971752036617,0,-001,1002087
7.849076700313086,14.0,13.190398438196612,1e-10,1.5667006494880168e-13,6.319784948612834e-07,1.0,49.99267046593758,698761.4493579887,-6.998340310210547e-08,0.0967440585637635,96.7842823073416,353.20107888611483,0,-001,1002087
7.859076700313086,14.0,13.190398439772371,1e-10,1.5911088692879324e-13,6.319690959366379e-07,1.0,49.99196965491075,700251.4283368457,-7.024491189708643e-08,0.0973148351138144,96.78642971821853,353.2049974284975,0,-001,1002087
7.8690767003130855,14.0,13.190398441372716,1e-10,1.6159869440055447e-13,6.319596620961172e-07,1.0,49.99126624178434,701745.8953610981,-7.050290119367816e-08,0.09789487130123553,96.78858518916226,353.20893064407534,0,-001,1002087
7.879076700313085,14.0,13.190398442998115,1e-10,1.6413443193452499e-13,6.319501938193186e-07,1.0,49.99056026251671,703244.8665578109,-7.075716458539637e-08,0.09848438523968375,96.79074861167686,353.2128783349277,0,-001,1002087
7.889076700313085,14.0,13.190398444649054,1e-10,1.667190565676015e-13,6.319406916136712e-07,1.0,49.98985175515599,704748.3581784816,-7.100748871338717e-08,0.09908360130016784,96.7929198709067,353.2168402915707,0,-001,1002087
7.899076700313085,14.0,13.190398446326022,1e-10,1.693535373141015e-13,6.319311560153604e-07,1.0,49.98914075991021,706256.3866019411,-7.125365311172829e-08,0.09969275031939387,96.79509884542448,353.2208162925735,0,-001,1002087
7.909076700313085,14.0,13.190398448029525,1e-10,1.7203885460916143e-13,6.319215875902728e-07,1.0,49.98842731921892,707768.9683373293,-7.149543005459525e-08,0.10031206981610516,96.79728540701507,353.22480610416784,0,-001,1002087
7.919076700313084,14.0,13.190398449760073,1e-10,1.7477599967940557e-13,6.319119869349621e-07,1.0,49.98771147782635,709286.1200271437,-7.173258440583693e-08,0.1009418042157636,96.79947942045409,353.228809479847,0,-001,1002087
7.929076700313084,14.0,13.190398451518188,1e-10,1.7756597383541724e-13,6.319023546776302e-07,1.0,49.98699328285607,710807.8584503696,-7.19648734715601e-08,0.10158220508393755,96.80168074328384,353.23282615996146,0,-001,1002087
7.939076700313084,14.0,13.190398453304402,1e-10,1.804097876801769e-13,6.318926914791304e-07,1.0,49.986272783887074,712334.2005256828,-7.219204685635904e-08,0.10223353136877905,96.80388922558322,353.2368558713031,0,-001,1002087
7.949076700313084,14.0,13.190398455119258,1e-10,1.8330846022732162e-13,6.318829980339863e-07,1.0,49.98555003303137,713865.1633147328,-7.24138463238852e-08,0.10289604965299061,96.80610470973478,353.2408983266844,0,-001,1002087
7.959076700313084,14.0,13.190398456963306,1e-10,1.8626301792268942e-13,6.318732750714256e-07,1.0,49.98482508501284,715400.7640254981,-7.263000566250416e-08,0.1035700344157033,96.80832703018824,353.24495322451213,0,-001,1002087
7.969076700313083,14.0,13.190398458837112,1e-10,1.8927449356223894e-13,6.318635233564335e-07,1.0,49.98409799724748,716941.0200157181,-7.284025055683761e-08,0.10425576830470648,96.81055601321954,353.24902024835296,0,-001,1002087
7.979076700313083,14.0,13.190398460741248,1e-10,1.9234392509905446e-13,6.318537436908175e-07,1.0,49.98336882992492,718485.9487964021,-7.304429846605705e-08,0.10495354241949195,96.81279147668752,353.2530990664949,0,-001,1002087
7.989076700313083,14.0,13.190398462676296,1e-10,1.954723543317047e-13,6.318439369142887e-07,1.0,49.98263764609108,720035.5680354093,-7.324185850984782e-08,0.10566365660560245,96.81503322978655,353.25718933150205,0,-001,1002087
7.999076700313083,14.0,13.19039846464285,1e-10,1.986608254658251e-13,6.318341039055519e-07,1.0,49.98190451173196,721589.895561102,-7.343263136303049e-08,0.10638641976078875,96.81728107279729,353.2612906797666,0,-001,1002087
8.009076700313082,14.0,13.190398466641517,1e-10,2.0191038354034794e-13,6.318242455834111e-07,1.0,49.98116949585848,723148.9493660696,-7.361630915990177e-08,0.10712215015351657,96.81953479683474,353.26540273105593,0,-001,1002087
8.019076700313082,14.0,13.190398468672909,1e-10,2.0522207270932072e-13,6.318143629078821e-07,1.0,49.98043267059216,724712.7476109202,-7.379257540940866e-08,0.10787117575438435,96.82179418359391,353.269525088056,0,-001,1002087
8.029076700313082,14.0,13.190398470737653,1e-10,2.0859693436982142e-13,6.318044568813106e-07,1.0,49.97969411125168,726281.3086281389,-7.396110492236302e-08,0.10863383458104138,96.82405900509474,353.27365733591455,0,-001,1002087
8.039076700313082,14.0,13.190398472836383,1e-10,2.120360051259745e-13,6.317945285494995e-07,1.0,49.97895389644008,727854.6509260092,-7.412156375197042e-08,0.10941047505723225,96.8263290234249,353.27779904178044,0,-001,1002087
8.049076700313082,14.0,13.190398474969747,1e-10,2.1554031457855868e-13,6.317845790028385e-07,1.0,49.97821210813253,729432.7931925962,-7.427360914901638e-08,0.11020145638661549,96.82860399048288,353.2819497543444,0,-001,1002087
8.059076700313081,14.0,13.190398477138398,1e-10,2.1911088292924325e-13,6.317746093774329e-07,1.0,49.97746883176443,731015.7542997809,-7.441688953315712e-08,0.11100714894204591,96.83088364772054,353.28610900338,0,-001,1002087
8.069076700313081,14.0,13.190398479343004,1e-10,2.227487183879117e-13,6.317646208562304e-07,1.0,49.97672415631981,732603.5533073522,-7.45510444818204e-08,0.11182793467104216,96.83316772588671,353.29027629928675,0,-001,1002087
8.079076700313081,14.0,13.190398481584241,1e-10,2.264548143710392e-13,6.317546146701498e-07,1.0,49.9759781744197,734196.2094671442,-7.467570473832144e-08,0.11266420751819756,96.8354559447715,353.29445113263586,0,-001,1002087
8.08907670031308,14.0,13.190398483862797,1e-10,2.3023014647858374e-13,6.317445920991918e-07,1.0,49.975230982410416,735793.7422272133,-7.479049224088748e-08,0.1135163738653332,96.83774801295327,353.298632973722,0,-001,1002087
8.09907670031308,14.0,13.190398486179367,1e-10,2.340756692362688e-13,6.317345544735455e-07,1.0,49.9744826804514,737396.1712360554,-7.489502017436471e-08,0.11438485299023347,96.84004362754848,353.3028212721211,0,-001,1002087
8.10907670031308,14.0,13.190398488534655,1e-10,2.379923125896337e-13,6.31724503174677e-07,1.0,49.97373337260251,739003.5163468495,-7.498889304647541e-08,0.11527007754484753,96.84234247396519,353.30701545625624,0,-001,1002087
8.11907670031308,14.0,13.190398490929375,1e-10,2.419809781357348e-13,6.317144396364006e-07,1.0,49.97298316691038,740615.7976217248,-7.507170679059147e-08,0.11617249405388849,96.84464422566143,353.3112149329741,0,-001,1002087
8.12907670031308,14.0,13.190398493364253,1e-10,2.460425350777945e-13,6.317043653459253e-07,1.0,49.97223217549376,742233.0353360426,-7.514304889707323e-08,0.11709256343480828,96.84694854390915,353.31541908713245,0,-001,1002087
8.13907670031308,14.0,13.19039849584002,1e-10,2.5017781588764434e-13,6.316942818448708e-07,1.0,49.971480514627295,743855.2499826839,-7.520249857531086e-08,0.11803076154018116,96.84925507756655,353.31962728120544,0,-001,1002087
8.14907670031308,14.0,13.190398498357416,1e-10,2.543876116603276e-13,6.316841907302547e-07,1.0,49.97072830482369,745482.4622763325,-7.524962694871856e-08,0.11898757972358372,96.85156346285642,353.32383885490094,0,-001,1002087
8.15907670031308,14.0,13.19039850091719,1e-10,2.5867266714473886e-13,6.316740936554353e-07,1.0,49.9699756709137,747114.693157746,-7.528399728499266e-08,0.11996352543011317,96.8538733231566,353.3280531248026,0,-001,1002087
8.169076700313079,14.0,13.190398503520097,1e-10,2.6303367543375096e-13,6.316639923310119e-07,1.0,49.969222742123726,748751.9637979977,-7.530516526405151e-08,0.12095912281275442,96.85618426880005,353.3322693840316,0,-001,1002087
8.179076700313079,14.0,13.190398506166899,1e-10,2.6747127229696803e-13,6.316538885256711e-07,1.0,49.968469652150574,750394.2956026873,-7.531267928616142e-08,0.12197491337586544,96.85849589688844,353.3364869019352,0,-001,1002087
8.189076700313079,14.0,13.190398508858362,1e-10,2.719860301387976e-13,6.316437840669761e-07,1.0,49.967716539232974,752041.7102160951,-7.530608082282048e-08,0.12301145664712332,96.86080779111997,353.3407049238048,0,-001,1002087
8.199076700313078,14.0,13.19039851159526,1e-10,2.76578451564345e-13,6.316336808420887e-07,1.0,49.96696354621944,753694.2295252777,-7.528490481306188e-08,0.12406933087934566,96.86311952163317,353.34492267062564,0,-001,1002087
8.209076700313078,14.0,13.190398514378373,1e-10,2.8124896253540816e-13,6.316235807984152e-07,1.0,49.966210820631936,755351.8756640783,-7.524868010790332e-08,0.12514913378367723,96.8654306448697,353.3491393388644,0,-001,1002087
8.219076700313078,14.0,13.190398517208482,1e-10,2.8599790509867767e-13,6.316134859441672e-07,1.0,49.96545851472501,757014.6710170461,-7.519692996573161e-08,0.12625148329571942,96.86774070345791,353.35335410029967,0,-001,1002087
8.229076700313078,14.0,13.190398520086374,1e-10,2.908255296683456e-13,6.316033983488363e-07,1.0,49.96470678553965,758682.6382232405,-7.512917260147504e-08,0.12737701837626164,96.87004922611774,353.357566101894,0,-001,1002087
8.239076700313078,14.0,13.190398523012833,1e-10,2.9573198684524154e-13,6.315933201435554e-07,1.0,49.963955794951566,760355.8001799053,-7.504492179244468e-08,0.12852639984836978,96.87235572759289,353.36177446572196,0,-001,1002087
8.249076700313077,14.0,13.190398525988652,1e-10,3.007173187549937e-13,6.315832535213534e-07,1.0,49.963205709713094,762034.1800459899,-7.494368754377667e-08,0.12970031127268286,96.87465970860956,353.36597828895106,0,-001,1002087
8.259076700313077,14.0,13.190398529014615,1e-10,3.057814498879767e-13,6.315732007372821e-07,1.0,49.96245670148827,763717.8012455009,-7.482497681641678e-08,0.130899459862876,96.87696065586695,353.3701766438863,0,-001,1002087
8.269076700313077,14.0,13.190398532091512,1e-10,3.109241774243362e-13,6.315631641084033e-07,1.0,49.96170894688038,765406.687470657,-7.468829432059072e-08,0.13212457744335393,96.87925804206132,353.37436857808393,0,-001,1002087
8.279076700313077,14.0,13.19039853522013,1e-10,3.1614516102818034e-13,6.315531460136257e-07,1.0,49.96096262745127,767100.862684831,-7.453314337770156e-08,0.1333764214513611,96.8815513259478,353.37855311453956,0,-001,1002087
8.289076700313077,14.0,13.190398538401796,1e-10,3.2202805780836484e-13,6.315431464822991e-07,1.0,49.96021774965499,769700.7080424556,-7.45550649573772e-08,0.13456875847878555,96.88384050400339,353.38273025727295,0,-001,1002087
8.299076700313076,14.0,13.190398541650152,1e-10,3.2943552153637253e-13,6.315330756087621e-07,1.0,49.95946759392016,776803.0645531535,-7.626764016792039e-08,0.13436078665905138,96.88614613920956,353.3869374741775,0,-001,1002087
8.309076700313076,14.0,13.190398544961463,1e-10,3.3228853242423443e-13,6.315226382546361e-07,1.0,49.958690045711414,788906.7605351808,-8.09722597859635e-08,0.13054024994040098,96.88853569215364,353.3912975483187,0,-001,1002087
8.319076700313076,14.0,13.190398548256281,1e-10,3.205818330836307e-13,6.31511385199826e-07,1.0,49.95785142942804,806242.2688035545,-8.952743496296208e-08,0.1213300082902643,96.89111183925944,353.3959973135469,0,-001,1002087
8.329076700313076,14.0,13.190398607647408,1e-10,1.7417093891752615e-10,6.314988235613019e-07,2.0,49.95691430567765,839863.4129634962,-1.0106035456318988e-07,0.11882933548654939,96.89398770078053,353.4012420603489,0,-001,1002087
8.339076700313075,14.0,13.190437836621918,1e-10,5.36703727314968e-09,6.314341505947098e-07,4.0,49.95366477902575,969737.0372410563,-4.1389644257074724e-07,0.47221297605857127,96.9111809386552,353.43705715692664,0,-001,1002087
8.349076700313075,14.0,13.190491827998272,1e-10,5.431159826104979e-09,6.313476195064153e-07,4.0,49.94950103936792,974098.1116357474,-4.188078826672353e-07,0.47223602059048814,96.9343521084398,353.4857228329496,0,-001,1002087
8.359076700313075,14.0,13.190546441574543,1e-10,5.495117583864205e-09,6.312606144032691e-07,4.0,49.94529105770535,978478.7985325606,-4.2337695358173136e-07,0.4725907797103677,96.95764478548328,353.53459145898705,0,-001,1002087
8.369076700313075,14.0,13.190601716139652,1e-10,5.5638560503876845e-09,6.311729558858367e-07,4.0,49.941036220781044,982879.1861323038,-4.2775347382567215e-07,0.47348116947578733,96.98111248586758,353.5837956317346,0,-001,1002087
8.379076700313075,14.0,13.190657707974058,1e-10,5.639164967537504e-09,6.310843727971453e-07,4.0,49.936738957937926,987299.3630324375,-4.318312071873228e-07,0.4751140157146125,97.00483623400588,353.6335367297144,0,-001,1002087
8.389076700313074,14.0,13.190714491641005,1e-10,5.722915718707727e-09,6.309944921262055e-07,4.0,49.93240277698129,991739.4182288633,-4.355006615363371e-07,0.4777018182424797,97.02892719329563,353.6840913402793,0,-001,1002087
8.399076700313074,14.0,13.190772160827898,1e-10,5.817066640465277e-09,6.309028184422963e-07,4.0,49.9280322928557,996199.4411177109,-4.3864994816930134e-07,0.4814664629609456,97.05353190919055,353.7358240152766,0,-001,1002087
8.409076700313074,14.0,13.190830829241959,1e-10,5.923668476879164e-09,6.308086981984729e-07,4.0,49.92363324641999,1000679.5214971413,-4.411659162536228e-07,0.4866439699891861,97.07884121525586,353.7892088967278,0,-001,1002087
8.419076700313074,14.0,13.190890631558071,1e-10,6.044869174662184e-09,6.307112621193799e-07,4.0,49.91921251055967,1005179.7495691532,-4.4293556313383885e-07,0.4934904166600812,97.10510420140155,353.84486359738077,0,-001,1002087
8.429076700313074,14.0,13.190951724406675,1e-10,6.182916782776098e-09,6.306093352847269e-07,4.0,49.91477808090785,1009700.2159413999,-4.438477126874176e-07,0.5022892390394428,97.1326491501544,353.90359994661634,0,-001,1002087
8.439076700313073,14.0,13.191014287374736,1e-10,6.3401586654086776e-09,6.305012986151027e-07,4.0,49.91033904857187,1014241.0116290139,-4.4379494361599356e-07,0.5133601974010878,97.16191396183396,353.96649769787547,0,-001,1002087
8.449076700313073,14.0,13.191078523971706,1e-10,6.5190345620976924e-09,6.30384876010775e-07,4.0,49.90590555249893,1018802.2280564376,-4.4267573776788575e-07,0.5270703934682266,97.19348904076598,354.0350083767187,0,-001,1002087
8.459076700313073,14.0,13.191144662484193,1e-10,6.722060273426603e-09,6.302568066789558e-07,4.0,49.90148870947411,1023383.9570592659,-4.40396805682995e-07,0.5438478546703234,97.22817495685761,354.1110948308197,0,-001,1002087
8.469076700313073,14.0,13.191212956607451,1e-10,6.951798069948564e-09,6.301123405741723e-07,4.0,49.89710052023628,1027986.2908860951,-4.36875533055898e-07,0.5641983585401141,97.26705253064638,354.197400684649,0,-001,1002087
8.479076700313072,14.0,13.191283685701459,1e-10,7.210809787321343e-09,6.299444674644441e-07,4.0,49.892753750824795,1032609.3222003782,-4.3204247839967497e-07,0.588726366741032,97.31154582469385,354.2974022032331,0,-001,1002087
8.489076700313072,14.0,13.195702224880328,1e-10,2.6423736722645878e-06,6.270342042633543e-07,4.0,49.64180456332517,1037253.1439465428,-0.00015000000000000001,0.6165903888957699,98.01971242111033,355.5498429160775,0,-001,1002087
8.499076700313072,14.0,13.223424831821816,1e-10,2.95263712489135e-06,6.105340426584485e-07,4.0,48.14180456332506,1041917.8489996014,-0.00015000000000000001,0.6417933018490503,102.17935734522577,362.6615042918257,0,-001,1002087
8.509076700313072,14.0,13.254114027476929,1e-10,3.273998630165478e-06,5.944319712941922e-07,4.0,46.64180456332514,1046603.5318934085,-0.00015000000000000001,0.6730026650259909,106.52269171802372,369.8671192039782,0,-001,1002087
8.519076700313072,14.0,13.288408938630166,1e-10,3.6633775912169083e-06,5.787788235142079e-07,4.0,45.14180456332512,1051310.2869326752,-0.00015000000000000001,0.7113798940093846,111.03850534246077,377.1204840433552,0,-001,1002087
8.529076700313071,14.0,13.327109688173667,1e-10,4.137833175190215e-06,5.636512775775242e-07,4.0,43.641804563325,1056038.2088334404,-0.00015000000000000001,0.758425247929733,115.69660398835303,384.336486081433,0,-001,1002087
8.539076700313071,14.0,13.371227875935318,1e-10,4.719830995305153e-06,5.49163822312391e-07,4.0,42.14180456332507,1060787.3927190502,-0.00015000000000000001,0.8161086562394598,120.43199056436048,391.3615184320212,0,-001,1002087
8.549076700313071,14.0,13.422058919601154,1e-10,5.43973019977954e-06,5.354958235385029e-07,4.0,40.641804563325046,1065557.9341126853,-0.00015000000000000001,0.8870816561620363,125.11011833327522,397.90788250690576,0,-001,1002087
8.55907670031307,14.0,13.481293390840491,1e-10,6.340427568371588e-06,5.229589074953404e-07,4.0,39.1418045633252,1070349.9289239456,-0.00015000000000000001,0.9750672855892941,129.44426634385925,403.39691834335156,0,-001,1002087
8.56907670031307,14.0,13.553502234804231,1e-10,7.64775476380944e-06,5.116577961751874e-07,4.0,37.64175295328851,1075163.4734246058,-0.0001500260588785524,1.0845090860001332,120.4009794285097,380.8744241576033,0,-001,1002087
8.57907670031307,14.0,13.633319889417015,1e-10,8.300814993944488e-06,5.02743262252831e-07,4.0,36.13961410067098,1079998.6641974556,-0.0001506047469130531,1.2244012845956367,124.19820857304447,385.2061348729106,0,-001,1002087
8.58907670031307,14.0,13.719187701653842,1e-10,8.90787544318523e-06,4.95311601045739e-07,4.0,34.625335479821956,1084855.5980100585,-0.00015267205333690235,1.4018113494452047,127.62732960700338,388.4753280114777,0,-001,1002087
8.59907670031307,14.0,13.811864188682929,1e-10,9.671275036881319e-06,4.891259554051492e-07,4.0,33.0744685493047,1089734.3714992907,-0.00015855824072756188,1.6280351368345805,130.7206253342224,390.7179763945088,0,-001,1002087
8.60907670031307,14.0,13.912481245147863,1e-10,1.05431320731732e-05,4.847088798345585e-07,4.0,31.439345990484284,1094635.0802527247,-0.0001707332240550028,1.9218588396554466,133.21079642080053,391.2999326115841,0,-001,1002087
8.61907670031307,14.0,14.022780110297248,1e-10,1.1568992093879986e-05,4.831436712890945e-07,4.0,29.634925454166826,1099557.8154727763,-0.00019239989467799266,2.3137704861215296,134.57422894150716,388.9974872710314,0,-001,1002087
8.62907670031307,14.0,14.145724698194279,1e-10,1.3047569206902099e-05,4.858447016330745e-07,4.0,27.515586705611604,1104502.64661383,-0.00023370518448930037,2.8512433335796366,134.14370502297402,382.15810116210025,0,-001,1002087
8.639076700313069,14.0,14.286917940880253,1e-10,1.535602021857381e-05,4.932826786936243e-07,4.0,24.846455939420025,1109469.435046573,-0.0003047685575937152,3.5840065972030155,131.6981214918813,369.70391053083983,0,-001,1002087
8.649076700313069,14.0,14.457760644117029,1e-10,1.9131760539539685e-05,4.98788118393431e-07,4.0,21.40475674437834,1114404.30855294,-0.00036496773663062337,4.112216604632998,129.83691451447405,355.71125606566756,0,-001,1002087
8.659076700313069,14.0,14.499944211772295,1e-10,7.401375727333209e-09,4.975305180715595e-07,4.0,20.759663144883326,1077115.92042424,-5.762254182932424e-07,0.06421145033756219,130.42242233422667,354.7691864290037,0,-001,1002087
8.669076700313068,14.0,14.499947459761223,1e-10,1.2350854998763412e-11,4.975018047798113e-07,4.0,20.758201225743107,878329.8534936057,-5.788767598597114e-08,0.01305818105180998,130.43312659530935,354.7837051228911,0,-001,1002087
8.679076700313068,14.0,14.499947508326803,1e-10,1.8822306552380095e-12,4.974644468660683e-07,7.0,20.756321978199384,705667.4241462665,-7.155872322913137e-07,0.010613335394304863,130.44703022903835,354.80261331417455,0,-001,1002087
8.689076700313068,14.0,14.499947527191665,1e-10,1.8903635569430233e-12,4.973214154471126e-07,7.0,20.749127612301983,710823.3885449513,-7.235238489977739e-07,0.01056905454526213,130.50028418314878,354.8750285681285,0,-001,1002087
8.699076700313068,14.0,14.499947546118747,1e-10,1.8945374030849925e-12,4.971768288803798e-07,7.0,20.74185461596703,715967.7500645678,-7.313940141185756e-07,0.010514561707707093,130.5541533384808,354.9482653522983,0,-001,1002087
8.709076700313068,14.0,14.499947565067027,1e-10,1.894338533375579e-12,4.970306853309118e-07,7.0,20.734502883752214,721100.3938208383,-7.392745008493138e-07,0.010448669563987554,130.60863958747458,355.0223257308778,0,-001,1002087
8.719076700313067,14.0,14.499947583990213,1e-10,1.889223611549026e-12,4.968829830601171e-07,7.0,20.72707231492129,726221.2051297405,-7.471648388013355e-07,0.010370090409398583,130.66374480335642,355.0972117345755,0,-001,1002087
8.729076700313067,14.0,14.499947602836444,1e-10,1.8791788943710148e-12,4.967337204254086e-07,7.0,20.719562813428016,731330.069519098,-7.547352550914693e-07,0.010277430747626427,130.71947084026363,355.17292536077434,0,-001,1002087
8.739076700313067,14.0,14.499947621548001,1e-10,1.862755162231677e-12,4.965828958680359e-07,7.0,20.71197428727988,736426.872713249,-7.62643459961743e-07,0.010169185756407828,130.77581953777027,355.2494685795785,0,-001,1002087
8.749076700313067,14.0,14.499947640061132,1e-10,1.8396578180242217e-12,4.964305079372509e-07,7.0,20.704306649807563,741511.5006995602,-7.705601277437693e-07,0.010043733626352556,130.83279271187334,355.3268433217427,0,-001,1002087
8.759076700313067,14.0,14.499947641925386,1e-10,0.0,4.937885406204056e-07,14.0,20.203524359194702,1e-10,0.0,5.913051300348734e-07,134.56268630953733,360.3235392937141,0,-001,1002087
13700.0,14.0,14.499947641925386,1e-10,0.0,4.937951736790591e-07,14.0,20.203524359194702,1e-10,0.0,5.913130730333171e-07,134.55991079373493,360.3185845416812,0,-001,1002087
